
2022_02_23-06:21:06_PM
Temperature(C=21.147119140625, F=70.064814453125, K=294.297119140625)
Humidity(RH=46.20794677734375)
